# n_subhalo mass[Msun] radius[Mpc] sigma_p sigma_3D cm_vel_offset[km/s] dot_vel
2658 1.266114e+13 0.478998 236.540421 399.620214 2.648604 0.999882
609 5.218294e+12 0.356462 166.998779 301.966699 19.836906 0.999910
6012 4.205928e+13 0.714700 338.490570 592.376263 60.864895 0.990993
756 9.047917e+12 0.428243 188.618683 346.079331 0.195368 1.000000
5451 2.998253e+13 0.638457 296.798004 534.473070 11.656425 0.999891
2853 7.456211e+12 0.401501 193.295792 382.858341 25.034870 0.999250
855 7.400753e+12 0.400507 196.341492 330.519104 4.921366 0.999800
20088 1.278202e+14 1.035248 524.495667 831.369748 1.936263 0.999905
810 8.088232e+12 0.412523 195.972839 340.248827 3.131484 0.999794
471 4.844160e+12 0.347739 159.644791 288.876923 0.841722 1.000000
225 4.584776e+12 0.341414 196.459015 349.729425 11.737414 0.999928
429 3.713035e+12 0.318227 131.184998 240.501917 4.486728 0.999945
5697 3.893502e+13 0.696538 312.134552 598.211752 12.008894 0.999889
963 3.995584e+12 0.326112 164.682831 280.039961 6.058917 0.999618
1938 1.156164e+13 0.464714 235.647079 430.215961 11.884401 0.999299
1608 7.059660e+12 0.394239 186.893021 318.209342 8.032840 0.999785
2109 1.158774e+13 0.465052 222.323898 383.242738 5.566852 0.999952
1368 9.408509e+12 0.433860 223.101898 367.358448 5.269408 0.999861
678 6.255686e+12 0.378675 178.852310 304.289046 1.694346 0.999977
7626 6.356684e+13 0.820204 385.819153 702.303505 16.234138 0.999302
507 5.711516e+12 0.367341 179.839127 298.713565 8.409714 0.999777
2400 1.569262e+13 0.514529 259.015381 508.150101 17.845671 0.998861
9474 5.669573e+13 0.789490 385.140869 661.636534 26.210917 0.995056
804 5.374403e+12 0.359975 200.315460 321.888158 35.604744 0.986416
1602 7.649588e+12 0.404927 206.452744 365.266392 14.747791 0.994779
1923 1.543244e+13 0.511661 244.511688 417.166301 1.730116 0.999989
852 6.092903e+12 0.375355 166.534332 305.150860 1.855525 0.999986
708 6.354704e+12 0.380656 185.566055 345.108396 14.151525 0.999533
750 3.015490e+12 0.296910 146.618423 262.608996 21.145544 0.995517
984 6.928353e+12 0.391790 180.323135 360.155631 33.818428 0.999110
762 5.576309e+12 0.364431 165.880814 303.118328 4.294085 0.999847
40479 2.228717e+14 1.246021 676.759827 1138.286609 49.040165 0.957644
4218 2.417509e+13 0.594234 289.913300 497.375578 14.449877 0.999464
993 6.878270e+12 0.390837 201.977890 336.285576 6.565669 0.999806
660 4.921625e+12 0.349567 177.401855 295.142929 0.119035 1.000000
648 4.434767e+12 0.337648 151.255157 282.083948 0.525883 0.999998
2730 9.673859e+12 0.437898 232.727966 382.516977 2.691341 0.999984
1878 1.172081e+13 0.466824 193.259109 371.759731 6.399606 0.997533
9816 7.279370e+13 0.858100 393.019501 699.378088 4.380828 0.999867
1692 7.271433e+12 0.398142 194.315002 369.545858 19.409609 0.997739
2109 1.158774e+13 0.465052 222.323898 383.242738 5.566852 0.999952
504 4.757514e+12 0.345655 163.661514 280.830445 1.647239 0.999954
903 2.924582e+12 0.293892 162.567780 251.002653 32.006126 0.961646
834 4.115963e+12 0.329354 145.979034 279.531940 2.963800 0.999788
810 5.370313e+12 0.359890 202.185043 331.333213 6.425330 0.999918
1008 3.548260e+12 0.313456 167.186218 300.325423 13.153215 0.996771
1134 5.788194e+12 0.369001 192.157608 312.466234 10.482336 0.998824
1266 1.240480e+13 0.475746 239.556534 390.646464 0.573822 0.999995
1536 7.339479e+12 0.399387 200.272232 338.710631 3.101949 0.999980
723 5.933871e+12 0.372072 165.512970 330.241524 9.670989 0.999924
384 5.104495e+12 0.353858 174.886597 308.323037 0.547549 0.999999
1887 1.370768e+13 0.491842 239.367386 410.988442 0.322638 0.999999
960 6.216314e+12 0.377868 178.359955 309.605198 4.083180 0.999916
1239 9.722530e+12 0.438634 215.537613 366.070777 3.078982 0.999956
1878 1.172081e+13 0.466824 193.259109 371.759731 6.399606 0.997533
5931 4.167363e+13 0.712520 309.567230 588.525422 10.155176 0.998989
678 3.229468e+12 0.303772 131.291077 261.098047 8.122322 0.999796
6012 4.205928e+13 0.714700 338.490570 592.376263 60.864895 0.990993
468 1.469493e+12 0.233641 118.586769 215.274200 10.891892 0.999099
50811 2.323091e+14 1.263341 477.920837 1048.303007 20.534840 0.992649
654 5.875194e+12 0.370840 170.098724 300.958782 0.246726 1.000000
1536 7.339479e+12 0.399387 200.272232 338.710631 3.101949 0.999980
1290 8.282764e+12 0.415819 206.338791 353.282911 4.732390 0.999844
459 4.609649e+12 0.342016 159.838379 277.408751 0.279965 1.000000
678 3.978658e+12 0.325646 176.205200 267.898626 2.007366 0.999932
504 3.013593e+12 0.296853 144.853348 234.860202 2.282792 0.999994
1602 7.649588e+12 0.404927 206.452744 365.266392 14.747791 0.994779
2850 2.234292e+13 0.578813 286.270386 491.981308 1.185245 0.999995
504 5.059394e+12 0.352795 174.199295 307.827757 1.547244 0.999936
225 4.584776e+12 0.341414 196.459015 349.729425 11.737414 0.999928
582 5.287244e+12 0.358014 178.192062 289.951390 2.095511 0.999945
885 2.788636e+12 0.289274 148.596024 286.306018 18.743917 0.996760
528 3.796432e+12 0.320598 161.242676 260.064501 11.118155 0.999832
1023 9.804661e+12 0.439867 206.941071 355.181314 2.960139 0.999973
852 7.123953e+12 0.395436 181.551361 326.564120 3.326468 0.999909
699 2.674638e+12 0.285272 153.553436 260.425286 18.560970 0.999571
444 3.768186e+12 0.319808 158.860825 260.728616 0.931087 0.999966
678 6.255686e+12 0.378675 178.852310 304.289046 1.694346 0.999977
708 2.176558e+12 0.266328 132.752136 238.435114 19.203939 0.999391
864 5.952622e+12 0.372453 178.121796 303.442927 8.519424 0.999507
2688 1.930635e+13 0.551318 241.130554 464.465427 8.582701 0.999955
2079 1.087245e+13 0.455281 197.563782 372.766431 0.997146 1.000000
1608 7.059660e+12 0.394239 186.893021 318.209342 8.032840 0.999785
864 5.952622e+12 0.372453 178.121796 303.442927 8.519424 0.999507
933 2.597527e+12 0.282499 142.984009 259.666730 6.570941 0.999994
1176 7.413207e+12 0.400715 187.143356 315.898619 0.911897 0.999992
528 4.487562e+12 0.338977 151.393738 294.077651 0.651731 0.999995
2307 1.164767e+13 0.465845 221.639801 396.594008 6.053640 0.999644
657 3.297195e+12 0.305874 128.657181 276.762725 3.142265 0.999984
1176 7.413207e+12 0.400715 187.143356 315.898619 0.911897 0.999992
678 2.445730e+12 0.276892 152.235138 261.444857 24.704624 0.995847
582 5.287244e+12 0.358014 178.192062 289.951390 2.095511 0.999945
1014 1.770500e+12 0.248625 148.501465 268.036989 8.663614 0.999789
1413 8.324986e+12 0.416514 182.604187 329.223605 2.276828 0.999994
2109 1.158774e+13 0.465052 222.323898 383.242738 5.566852 0.999952
951 7.297951e+12 0.398624 197.901718 324.583825 1.776280 0.999969
528 3.796432e+12 0.320598 161.242676 260.064501 11.118155 0.999832
822 4.669915e+12 0.343512 156.681778 290.525700 7.912497 0.999749
1092 2.754861e+12 0.288091 143.923645 292.417666 8.661886 0.999630
2928 1.780898e+13 0.536673 222.858780 430.907505 11.354267 0.999798
17949 1.035773e+14 0.965150 497.996887 786.709414 7.658368 0.999331
417 4.312421e+12 0.334501 166.295471 281.571624 1.645249 0.999994
2577 8.968097e+12 0.426983 232.945999 368.566767 9.074167 0.999767
681 3.784973e+12 0.320273 150.125793 267.498211 3.251877 0.999872
924 5.021323e+12 0.351926 164.893814 282.587774 13.427449 0.998189
531 4.413796e+12 0.337115 129.773758 268.190643 1.116328 0.999994
489 2.404114e+12 0.275314 126.044243 223.911395 2.093302 0.999997
951 5.415223e+12 0.360883 175.953964 282.823600 11.059312 0.997757
837 4.651575e+12 0.343066 169.250000 301.109432 0.921744 1.000000
1860 8.804977e+12 0.424377 193.596603 355.226114 15.047859 0.999623
1650 1.219523e+13 0.473042 253.988266 417.732150 9.642958 0.999877
2391 1.435631e+13 0.499486 250.156677 421.434865 0.341184 0.999999
498 4.984205e+12 0.351048 148.694458 266.397549 0.617344 0.999999
1830 5.687861e+12 0.366849 192.159317 365.722108 32.022938 0.957142
4191 2.011808e+13 0.558936 271.188110 468.523135 36.416283 0.998374
654 7.450855e+12 0.401384 189.784775 324.851523 0.517698 0.999997
40479 2.228717e+14 1.246021 676.759827 1138.286609 49.040165 0.957644
822 4.669915e+12 0.343512 156.681778 290.525700 7.912497 0.999749
1125 9.668964e+12 0.437830 211.215637 378.471157 0.775221 0.999993
6651 2.487388e+13 0.599910 271.966614 503.692568 8.258081 0.999458
2151 6.362026e+12 0.380800 249.465332 412.898899 35.067299 0.999292
672 3.617628e+12 0.315486 152.276733 261.924954 2.496853 0.999982
903 2.924582e+12 0.293892 162.567780 251.002653 32.006126 0.961646
663 5.458783e+12 0.361853 187.963776 313.092959 39.674061 0.994741
582 4.257768e+12 0.333093 151.825653 275.186059 2.045138 0.999980
501 2.746401e+12 0.287797 140.510147 251.520767 7.192784 0.999330
810 8.088232e+12 0.412523 195.972839 340.248827 3.131484 0.999794
528 2.213125e+12 0.267824 165.421143 284.779676 11.553761 0.999060
1869 4.786818e+12 0.346360 191.347321 336.689879 28.148214 0.998594
1230 7.420855e+12 0.400862 163.497101 330.078538 3.642641 0.999918
2376 6.889189e+12 0.391041 172.247787 338.619561 21.312353 0.998185
693 4.369918e+12 0.335989 163.385574 295.697181 2.796632 0.999998
1062 4.595997e+12 0.341687 157.176758 280.246765 30.822001 0.998849
2262 1.530419e+13 0.510242 245.461136 415.464035 7.781585 0.999522
6651 2.487388e+13 0.599910 271.966614 503.692568 8.258081 0.999458
1752 1.475855e+13 0.504115 231.757065 403.723374 15.876663 0.999763
7626 6.356684e+13 0.820204 385.819153 702.303505 16.234138 0.999302
6537 5.917877e+13 0.800853 368.603943 673.838519 10.147889 0.999056
951 7.297951e+12 0.398624 197.901718 324.583825 1.776280 0.999969
648 4.434767e+12 0.337648 151.255157 282.083948 0.525883 0.999998
1329 5.593804e+12 0.364820 211.914612 357.457688 28.756922 0.971633
567 6.605009e+12 0.385583 200.239471 323.613090 0.997317 0.999997
987 7.723222e+12 0.406241 181.538528 334.030593 26.815102 0.996065
1176 7.413207e+12 0.400715 187.143356 315.898619 0.911897 0.999992
993 5.107354e+12 0.353914 183.614243 303.634770 10.077385 0.999302
1332 1.403164e+13 0.495674 245.257523 425.717811 2.955349 0.999927
2658 1.266114e+13 0.478998 236.540421 399.620214 2.648604 0.999882
447 5.361494e+12 0.359692 149.584137 294.290906 0.817239 0.999997
2307 1.164767e+13 0.465845 221.639801 396.594008 6.053640 0.999644
2079 1.087245e+13 0.455281 197.563782 372.766431 0.997146 1.000000
1920 1.204400e+13 0.471079 210.464386 395.722972 14.849373 0.999416
558 6.070349e+12 0.374894 164.423065 327.591884 1.853598 0.999973
657 3.297195e+12 0.305874 128.657181 276.762725 3.142265 0.999984
840 8.272552e+12 0.415642 189.080231 340.010123 3.059575 0.999912
540 4.268932e+12 0.333384 166.820358 302.966513 62.974670 0.991085
984 6.928353e+12 0.391790 180.323135 360.155631 33.818428 0.999110
2178 1.044397e+13 0.449213 203.813232 360.233292 9.411508 0.998403
1470 9.199659e+12 0.430621 223.191971 371.452122 4.948932 0.999886
999 6.864430e+12 0.390576 162.874313 317.496586 3.369386 0.999960
963 5.022124e+12 0.351944 172.895798 296.373835 11.141252 0.998785
1224 8.800678e+12 0.424313 262.435791 385.443553 26.805607 0.987947
684 5.860446e+12 0.370520 154.367538 299.618656 15.096679 0.999917
3549 2.779760e+13 0.622561 297.905121 515.332426 5.756433 0.999662
396 4.886531e+12 0.348735 163.573380 284.616424 0.831699 0.999999
20088 1.278202e+14 1.035248 524.495667 831.369748 1.936263 0.999905
903 2.924582e+12 0.293892 162.567780 251.002653 32.006126 0.961646
918 3.560660e+12 0.313824 200.390778 320.091840 39.487839 0.986808
40479 2.228717e+14 1.246021 676.759827 1138.286609 49.040165 0.957644
21213 4.395390e+13 0.725264 384.077637 657.270667 21.440069 0.998666
750 3.015490e+12 0.296910 146.618423 262.608996 21.145544 0.995517
657 3.702679e+12 0.317939 159.920502 262.298046 3.408448 0.999814
1752 1.475855e+13 0.504115 231.757065 403.723374 15.876663 0.999763
2241 1.405919e+13 0.496003 225.226395 417.308932 4.591090 0.999875
1074 8.079526e+12 0.412370 211.405548 344.495942 2.398497 0.999949
1647 9.416378e+12 0.433977 178.087357 347.075530 1.314341 0.999991
987 7.723222e+12 0.406241 181.538528 334.030593 26.815102 0.996065
756 9.047917e+12 0.428243 188.618683 346.079331 0.195368 1.000000
4218 2.417509e+13 0.594234 289.913300 497.375578 14.449877 0.999464
5241 1.648125e+13 0.522990 231.022324 450.021478 25.296135 0.995868
909 7.416411e+12 0.400776 221.386093 351.954321 0.385130 0.999997
498 4.984205e+12 0.351048 148.694458 266.397549 0.617344 0.999999
663 4.634875e+12 0.342646 179.325409 299.434326 3.189450 0.999905
960 6.216314e+12 0.377868 178.359955 309.605198 4.083180 0.999916
2376 6.889189e+12 0.391041 172.247787 338.619561 21.312353 0.998185
633 4.714881e+12 0.344604 151.358475 275.685889 3.177117 0.999900
966 6.714027e+12 0.387710 182.709137 323.108086 2.266068 0.999997
564 4.479720e+12 0.338785 151.672379 273.957238 2.680800 1.000000
2220 1.660100e+13 0.524260 242.911301 433.644843 2.238065 0.999833
4218 2.417509e+13 0.594234 289.913300 497.375578 14.449877 0.999464
807 4.859344e+12 0.348097 144.754623 285.654119 9.916637 0.999720
537 4.330927e+12 0.334992 162.038177 275.889460 1.851916 0.999624
429 3.713035e+12 0.318227 131.184998 240.501917 4.486728 0.999945
468 1.469493e+12 0.233641 118.586769 215.274200 10.891892 0.999099
903 4.087645e+12 0.328599 187.190063 308.316820 20.175594 0.999651
804 5.374403e+12 0.359975 200.315460 321.888158 35.604744 0.986416
750 3.015490e+12 0.296910 146.618423 262.608996 21.145544 0.995517
678 3.229468e+12 0.303772 131.291077 261.098047 8.122322 0.999796
915 4.037082e+12 0.327231 143.273956 273.347673 1.923458 0.999960
981 8.811001e+12 0.424478 220.348877 347.717166 0.714170 0.999996
1221 9.144781e+12 0.429759 214.694778 356.156036 1.860301 0.999998
17304 2.863349e+13 0.628732 337.149597 624.435632 79.231918 0.995947
387 4.746314e+12 0.345368 163.422913 285.915075 1.327880 0.999997
567 6.605009e+12 0.385583 200.239471 323.613090 0.997317 0.999997
1023 9.804661e+12 0.439867 206.941071 355.181314 2.960139 0.999973
1092 5.935073e+12 0.372088 192.067520 303.961446 4.362185 0.998501
915 4.037082e+12 0.327231 143.273956 273.347673 1.923458 0.999960
840 7.310964e+12 0.398861 213.048019 363.601155 5.368200 0.999966
1005 1.075683e+13 0.453663 227.041870 392.508625 0.926375 0.999998
672 3.617628e+12 0.315486 152.276733 261.924954 2.496853 0.999982
2850 2.234292e+13 0.578813 286.270386 491.981308 1.185245 0.999995
1266 5.519255e+12 0.363188 157.547882 317.242443 22.124022 0.989891
987 7.723222e+12 0.406241 181.538528 334.030593 26.815102 0.996065
777 4.138223e+12 0.329948 171.132614 290.625886 15.322807 0.999543
642 5.544719e+12 0.363758 145.693726 278.011371 0.407098 0.999996
2898 7.910787e+12 0.409486 211.291168 383.161093 12.771079 0.999533
810 8.088232e+12 0.412523 195.972839 340.248827 3.131484 0.999794
486 4.574194e+12 0.341150 157.409988 282.081653 1.231377 0.999997
1224 8.800678e+12 0.424313 262.435791 385.443553 26.805607 0.987947
1920 1.204400e+13 0.471079 210.464386 395.722972 14.849373 0.999416
627 3.804157e+12 0.320817 147.898682 256.731207 1.576201 0.999991
4638 3.212164e+13 0.653285 320.833832 535.164128 63.754730 0.973282
1074 8.079526e+12 0.412370 211.405548 344.495942 2.398497 0.999949
669 4.635446e+12 0.342664 165.124222 275.925424 7.179759 0.999671
1515 8.635891e+12 0.421632 182.843460 357.181239 10.301619 0.999706
2262 1.530419e+13 0.510242 245.461136 415.464035 7.781585 0.999522
849 8.480036e+12 0.419076 196.801392 341.148293 0.727614 0.999998
1122 2.388156e+12 0.274703 171.552399 274.539873 9.148042 0.999966
7713 2.695651e+13 0.616202 277.558105 487.313813 27.259703 0.996738
864 4.108556e+12 0.329159 200.723892 340.658713 66.860794 0.996150
6300 2.611258e+13 0.609715 284.721252 539.020175 75.262856 0.943505
1581 9.117100e+12 0.429321 223.905273 361.598251 4.286961 0.999944
5931 4.167363e+13 0.712520 309.567230 588.525422 10.155176 0.998989
2577 8.968097e+12 0.426983 232.945999 368.566767 9.074167 0.999767
3603 1.058227e+13 0.451194 217.550140 408.323522 54.514629 0.985896
381 3.995722e+12 0.326112 128.541458 275.841180 11.180838 0.999333
522 4.694855e+12 0.344126 158.831894 284.601785 1.376077 0.999996
819 3.587249e+12 0.314598 207.645386 314.013817 15.797296 0.999436
40479 2.228717e+14 1.246021 676.759827 1138.286609 49.040165 0.957644
933 2.597527e+12 0.282499 142.984009 259.666730 6.570941 0.999994
684 7.704672e+12 0.405901 251.286545 364.529673 4.802596 0.999941
480 5.468132e+12 0.362049 176.791519 292.931802 0.461406 1.000000
864 5.952622e+12 0.372453 178.121796 303.442927 8.519424 0.999507
564 4.479720e+12 0.338785 151.672379 273.957238 2.680800 1.000000
1542 9.611066e+12 0.436945 217.446930 366.611068 7.706838 0.993769
1368 1.239120e+13 0.475546 230.465683 412.908406 13.230863 0.999022
2802 1.898544e+13 0.548245 253.578659 492.685187 64.829346 0.993543
960 6.216314e+12 0.377868 178.359955 309.605198 4.083180 0.999916
1101 4.124669e+12 0.329590 169.736786 302.996133 32.940678 0.997265
225 4.584776e+12 0.341414 196.459015 349.729425 11.737414 0.999928
2802 1.898544e+13 0.548245 253.578659 492.685187 64.829346 0.993543
3171 1.529134e+13 0.510101 243.547577 438.362324 6.230871 0.998180
2376 6.889189e+12 0.391041 172.247787 338.619561 21.312353 0.998185
2658 1.266114e+13 0.478998 236.540421 399.620214 2.648604 0.999882
915 4.037082e+12 0.327231 143.273956 273.347673 1.923458 0.999960
1020 9.752208e+12 0.439082 221.703522 375.128837 13.185462 0.999771
900 8.214495e+12 0.414661 186.123032 340.171213 1.155653 0.999997
2241 1.405919e+13 0.496003 225.226395 417.308932 4.591090 0.999875
1161 1.260284e+13 0.478243 244.755096 389.591980 0.139890 1.000000
2658 1.266114e+13 0.478998 236.540421 399.620214 2.648604 0.999882
852 6.092903e+12 0.375355 166.534332 305.150860 1.855525 0.999986
4218 2.417509e+13 0.594234 289.913300 497.375578 14.449877 0.999464
5079 2.617555e+13 0.610187 269.096619 504.504885 35.688705 0.998899
1968 1.196092e+13 0.470001 215.201981 390.815884 5.905982 0.999977
2802 1.898544e+13 0.548245 253.578659 492.685187 64.829346 0.993543
489 4.213389e+12 0.331939 155.899506 266.345791 14.046646 0.999320
5442 4.656424e+13 0.739362 374.721802 646.055727 1.262027 0.999969
1329 5.593804e+12 0.364820 211.914612 357.457688 28.756922 0.971633
546 4.103553e+12 0.329028 171.136200 279.101940 7.428694 0.997557
1182 1.137142e+13 0.462127 224.949295 388.523240 2.149293 0.999787
2391 1.435631e+13 0.499486 250.156677 421.434865 0.341184 0.999999
909 7.416411e+12 0.400776 221.386093 351.954321 0.385130 0.999997
660 4.921625e+12 0.349567 177.401855 295.142929 0.119035 1.000000
690 4.013158e+12 0.326586 159.221115 265.597929 4.717923 0.999858
915 4.037082e+12 0.327231 143.273956 273.347673 1.923458 0.999960
4533 2.616074e+13 0.610090 272.681000 481.663404 48.300217 0.993797
633 4.235577e+12 0.332515 163.500793 269.134753 12.630383 0.999289
804 5.374403e+12 0.359975 200.315460 321.888158 35.604744 0.986416
6651 2.487388e+13 0.599910 271.966614 503.692568 8.258081 0.999458
489 4.213389e+12 0.331939 155.899506 266.345791 14.046646 0.999320
786 6.878595e+12 0.390840 176.450165 312.944828 3.741278 0.999942
807 4.859344e+12 0.348097 144.754623 285.654119 9.916637 0.999720
1536 7.339479e+12 0.399387 200.272232 338.710631 3.101949 0.999980
2307 1.164767e+13 0.465845 221.639801 396.594008 6.053640 0.999644
8787 3.687086e+13 0.684004 305.008514 576.101335 14.644477 0.998821
633 4.714881e+12 0.344604 151.358475 275.685889 3.177117 0.999900
2805 1.650333e+13 0.523234 248.329300 441.857401 3.640840 0.999965
750 3.015490e+12 0.296910 146.618423 262.608996 21.145544 0.995517
1266 1.240480e+13 0.475746 239.556534 390.646464 0.573822 0.999995
5241 1.648125e+13 0.522990 231.022324 450.021478 25.296135 0.995868
32169 1.170755e+14 1.005366 499.970276 855.706190 81.024406 0.986757
3567 1.985587e+13 0.556507 317.916290 470.591898 16.911026 0.996564
1257 4.869390e+12 0.348336 163.762970 302.158023 7.189503 0.999870
834 4.115963e+12 0.329354 145.979034 279.531940 2.963800 0.999788
2079 1.087245e+13 0.455281 197.563782 372.766431 0.997146 1.000000
1257 4.869390e+12 0.348336 163.762970 302.158023 7.189503 0.999870
705 3.708285e+12 0.318102 155.399139 273.893533 8.466999 0.999886
22749 1.361068e+14 1.057142 462.292084 901.106291 13.153429 0.998825
11202 3.104929e+13 0.645938 322.891083 655.138580 25.583548 0.996109
6300 2.611258e+13 0.609715 284.721252 539.020175 75.262856 0.943505
6012 4.205928e+13 0.714700 338.490570 592.376263 60.864895 0.990993
618 2.939666e+12 0.294399 140.808075 240.771453 7.247600 0.999371
6651 2.487388e+13 0.599910 271.966614 503.692568 8.258081 0.999458
489 2.404114e+12 0.275314 126.044243 223.911395 2.093302 0.999997
423 4.350457e+12 0.335505 146.746765 280.616260 1.923437 0.999916
1044 3.843051e+12 0.321903 196.678116 317.986152 33.380249 0.989613
414 4.784047e+12 0.346280 184.714462 293.286034 7.893915 0.999747
987 7.723222e+12 0.406241 181.538528 334.030593 26.815102 0.996065
741 5.442317e+12 0.361492 189.313919 307.419546 7.237962 0.999666
6288 4.049504e+13 0.705715 375.230560 595.480660 0.548795 0.999995
903 4.087645e+12 0.328599 187.190063 308.316820 20.175594 0.999651
486 4.574194e+12 0.341150 157.409988 282.081653 1.231377 0.999997
714 3.761542e+12 0.319615 162.956146 280.124301 0.379545 0.999999
1134 5.788194e+12 0.369001 192.157608 312.466234 10.482336 0.998824
3828 3.352970e+13 0.662684 298.588898 563.233964 10.479600 0.998904
1458 6.819686e+12 0.389728 177.425079 363.248508 10.836989 0.999642
1389 9.030809e+12 0.427957 191.943146 340.262380 4.215292 0.999959
6252 4.235911e+13 0.716391 356.273010 582.519258 4.080532 0.999814
549 6.313369e+12 0.379826 154.409561 316.721481 1.641877 0.999979
2082 1.349262e+13 0.489264 230.694580 398.678374 1.503922 0.999924
381 3.995722e+12 0.326112 128.541458 275.841180 11.180838 0.999333
2658 1.266114e+13 0.478998 236.540421 399.620214 2.648604 0.999882
951 5.415223e+12 0.360883 175.953964 282.823600 11.059312 0.997757
5241 1.648125e+13 0.522990 231.022324 450.021478 25.296135 0.995868
810 5.503518e+12 0.362836 175.976654 298.582014 3.070684 0.999906
603 5.010304e+12 0.351676 187.945953 306.580746 8.607765 0.999021
6699 3.684526e+13 0.683869 285.247528 557.627867 12.929850 0.999245
4350 2.772906e+13 0.622031 259.793488 506.894801 9.523210 0.999124
4533 2.616074e+13 0.610090 272.681000 481.663404 48.300217 0.993797
1239 9.722530e+12 0.438634 215.537613 366.070777 3.078982 0.999956
450 4.911073e+12 0.349338 139.933594 279.116278 4.442587 0.999951
756 4.132492e+12 0.329793 157.853516 274.978864 1.409558 0.999990
480 5.468132e+12 0.362049 176.791519 292.931802 0.461406 1.000000
552 4.613911e+12 0.342121 146.391632 273.447160 0.534421 0.999995
609 2.727178e+12 0.287122 166.205719 285.435009 11.009019 0.999550
918 2.929878e+12 0.294077 178.274963 270.086845 15.194262 0.999702
1962 1.470614e+13 0.503509 263.272247 399.173023 3.585069 0.999987
546 4.103553e+12 0.329028 171.136200 279.101940 7.428694 0.997557
798 3.329138e+12 0.306866 129.723343 252.906733 2.465618 0.999961
900 6.444269e+12 0.382449 205.418823 315.534591 0.882148 0.999969
1878 1.172081e+13 0.466824 193.259109 371.759731 6.399606 0.997533
1536 6.481675e+12 0.383169 191.873138 316.258996 5.504452 0.999722
429 3.713035e+12 0.318227 131.184998 240.501917 4.486728 0.999945
810 5.503518e+12 0.362836 175.976654 298.582014 3.070684 0.999906
3246 6.132393e+12 0.376168 235.497437 382.213557 35.136826 0.996816
1209 1.066139e+13 0.452321 229.512024 380.362922 4.312500 0.999939
750 3.015490e+12 0.296910 146.618423 262.608996 21.145544 0.995517
786 6.878595e+12 0.390840 176.450165 312.944828 3.741278 0.999942
1860 8.804977e+12 0.424377 193.596603 355.226114 15.047859 0.999623
1542 4.654584e+12 0.343133 160.436844 306.444934 4.358140 0.999690
804 5.374403e+12 0.359975 200.315460 321.888158 35.604744 0.986416
1554 4.971305e+12 0.350748 202.907242 334.624116 8.599122 0.999469
1668 1.275818e+13 0.480221 240.445938 407.318514 4.620898 0.999949
528 3.796432e+12 0.320598 161.242676 260.064501 11.118155 0.999832
9372 3.650027e+13 0.681710 324.578217 605.954278 15.246609 0.998100
1338 1.240569e+13 0.475761 238.692001 417.902081 3.507827 0.999823
903 2.924582e+12 0.293892 162.567780 251.002653 32.006126 0.961646
465 5.580620e+12 0.364532 171.616119 296.396003 1.546317 0.999991
1194 5.765484e+12 0.368516 177.976318 310.266138 4.254885 0.999602
459 4.609649e+12 0.342016 159.838379 277.408751 0.279965 1.000000
3396 2.129434e+13 0.569633 287.769257 467.848445 4.203471 0.999884
1134 5.788194e+12 0.369001 192.157608 312.466234 10.482336 0.998824
2097 1.114509e+13 0.459052 203.791077 373.514996 1.577423 0.999983
5316 4.136405e+13 0.710745 338.044495 571.595871 17.495592 0.996572
984 5.425155e+12 0.361111 181.809433 308.850864 1.906615 1.000000
2220 1.660100e+13 0.524260 242.911301 433.644843 2.238065 0.999833
22719 1.694671e+14 1.137251 546.479919 972.036032 99.355217 0.974425
1182 1.137142e+13 0.462127 224.949295 388.523240 2.149293 0.999787
1878 1.172081e+13 0.466824 193.259109 371.759731 6.399606 0.997533
22719 1.694671e+14 1.137251 546.479919 972.036032 99.355217 0.974425
822 4.669915e+12 0.343512 156.681778 290.525700 7.912497 0.999749
1332 1.403164e+13 0.495674 245.257523 425.717811 2.955349 0.999927
5079 2.617555e+13 0.610187 269.096619 504.504885 35.688705 0.998899
516 5.028406e+12 0.352092 151.733627 285.514309 2.312780 0.999930
1368 1.239120e+13 0.475546 230.465683 412.908406 13.230863 0.999022
639 2.352339e+12 0.273321 135.167847 247.717051 5.696439 0.999688
1023 9.804661e+12 0.439867 206.941071 355.181314 2.960139 0.999973
1392 6.461628e+12 0.382780 175.542023 325.937771 3.269244 0.999790
594 4.092500e+12 0.328727 143.292664 256.873005 1.280416 0.999988
3939 3.235893e+13 0.654890 318.424133 529.869526 1.857122 0.999996
1458 6.819686e+12 0.389728 177.425079 363.248508 10.836989 0.999642
597 4.790487e+12 0.346446 157.583801 276.109452 1.905576 0.999984
633 4.714881e+12 0.344604 151.358475 275.685889 3.177117 0.999900
2889 2.031321e+13 0.560741 275.824371 474.004261 12.029379 0.999152
837 5.125941e+12 0.354352 210.266129 306.055625 8.349385 0.999831
21213 4.395390e+13 0.725264 384.077637 657.270667 21.440069 0.998666
3939 3.235893e+13 0.654890 318.424133 529.869526 1.857122 0.999996
1887 1.370768e+13 0.491842 239.367386 410.988442 0.322638 0.999999
4893 3.716400e+13 0.685821 289.536469 581.315687 18.814167 0.995569
1053 9.010852e+12 0.427655 205.119797 348.736477 1.610832 0.999990
681 3.784973e+12 0.320273 150.125793 267.498211 3.251877 0.999872
1437 8.461537e+12 0.418775 199.243500 347.881572 11.444543 0.997480
3177 1.222868e+13 0.473483 252.926300 434.289275 3.875293 0.999961
855 7.400753e+12 0.400507 196.341492 330.519104 4.921366 0.999800
993 5.107354e+12 0.353914 183.614243 303.634770 10.077385 0.999302
684 5.860446e+12 0.370520 154.367538 299.618656 15.096679 0.999917
2853 7.456211e+12 0.401501 193.295792 382.858341 25.034870 0.999250
603 4.525002e+12 0.339927 135.192215 275.903580 4.366474 0.999884
1209 1.066139e+13 0.452321 229.512024 380.362922 4.312500 0.999939
507 5.711516e+12 0.367341 179.839127 298.713565 8.409714 0.999777
1122 2.388156e+12 0.274703 171.552399 274.539873 9.148042 0.999966
